>> rand(3,4)

ans =

    0.8147    0.9134    0.2785    0.9649
    0.9058    0.6324    0.5469    0.1576
    0.1270    0.0975    0.9575    0.9706

>> 1+rand(3,4)*9     #9 stretches the range from 0-9 and +1 shifts it from 1-10

ans =

    7.1086    4.5300    7.3544    1.4155
    7.8197    6.8993    1.2865    1.8742
    7.6882    2.5407    3.4923    8.4111

>> 
