>> a = (1:10).^2

a =

     1     4     9    16    25    36    49    64    81   100

>> plot(a)
>> 
