>> t = -10:10

t =

   -10    -9    -8    -7    -6    -5    -4    -3    -2    -1     0     1     2     3     4     5     6     7     8     9    10

>> b = t.^2

b =

   100    81    64    49    36    25    16     9     4     1     0     1     4     9    16    25    36    49    64    81   100

>> figure
>> plot(t,b)
>> 
