>> [4 -1 2 5 4] <= 4

ans =

  1×5 logical array

   1   1   1   0   1

>> 
