>> [4 -1 2 5 4] > [5 7 -1 8 0]

ans =

  1×5 logical array

   0   0   1   0   1

>> 
