>> sum([3 13 15 17 15] == 15)

ans =

     2

>> 
