>>  A1 = [1 1 1;1 1 1]

A1 =

     1     1     1
     1     1     1

>> A2 = [2 2 2;2 2 2]

A2 =

     2     2     2
     2     2     2

>> A3 = [3 3 3;3 3 3]

A3 =

     3     3     3
     3     3     3

>> R = [A1 A2 A3]

R =

     1     1     1     2     2     2     3     3     3
     1     1     1     2     2     2     3     3     3

>> C = [A1 ; A2 ; A3]

C =

     1     1     1
     1     1     1
     2     2     2
     2     2     2
     3     3     3
     3     3     3

>> 
