>> x = [1 4 8 ; 7 pi 2 ; 2 6 5]

x =

    1.0000    4.0000    8.0000
    7.0000    3.1416    2.0000
    2.0000    6.0000    5.0000

>> 
