X =

     0     1    -1
     2     3     7

>> z = size(X)

z =

     2     3

>> 
