>> x = [1 2 3]

x =

     1     2     3

>> s = size(x)

s =

     1     3
