x =

     1     2     3
     4     5     0
     7     8     9

>> x(2,[1,3])

ans =

     4     0

>> x([2 1],2)

ans =

     5
     2

>> 
