x =

     1     2     3
     4     5     6
     7     8     9

>> x(end,2)

ans =

     8

>> x(2,end)

ans =

     6

>> 
