>> X = [0 1 -1;2 3 7]

X =

     0     1    -1
     2     3     7

>> 
