>> A = [1 4;7 1;5 5]

A =

     1     4
     7     1
     5     5

>> B = [2 -4;6 2;1 3]

B =

     2    -4
     6     2
     1     3

>> Z = A ./ B

Z =

    0.5000   -1.0000
    1.1667    0.5000
    5.0000    1.6667

>> Y = A .\ B

Y =

    2.0000   -1.0000
    0.8571    2.0000
    0.2000    0.6000

>> 
