>> X = [1 2;3 4]

X =

     1     2
     3     4

>> N = [6 0.5; -1 2]

N =

    6.0000    0.5000
   -1.0000    2.0000

>> X .^ N

ans =

    1.0000    1.4142
    0.3333   16.0000

>> X^3

ans =

    37    54
    81   118

>> X*X*X

ans =

    37    54
    81   118

>> 
