>> A = [1 2 3;4 5 6;6 1 1;0 1 3]

A =

     1     2     3
     4     5     6
     6     1     1
     0     1     3

>> B = [2 -2;3 8;7 4]

B =

     2    -2
     3     8
     7     4

>> [size(A),size(B)]

ans =

     4     3     3     2

>> C = A*B

C =

    29    26
    65    56
    22     0
    24    20

>> 
