>> X = [1 5 -2; 3 0 7]

X =

     1     5    -2
     3     0     7

>> Y = [1:3;4:6]

Y =

     1     2     3
     4     5     6


>> X .* Y

ans =

     1    10    -6
    12     0    42

>> 
