>> X = [1 5 -2; 3 0 7]

X =

     1     5    -2
     3     0     7

>> Y = [1:3;4:6]

Y =

     1     2     3
     4     5     6
     

>> z = X - Y

z =

     0     3    -5
    -1    -5     1

>> 
