>> A = [1 2 3 ; 4 5 6]

A =

     1     2     3
     4     5     6

>> B = A(A>2)

B =

     4
     5
     3
     6

>> 
