>> c = [2>1 , 2<1 , ~(3>2 && 4>5)]

c =

  1×3 logical array

   1   0   1

>> a = 1:3

a =

     1     2     3

>> a(c)

ans =

     1     3

>> 
