>> v

v =

    56    34    -2     7    29    53    30    -3     5    45

>> v(v<0) = 0

v =

    56    34     0     7    29    53    30     0     5    45

>> v = [56, 34, -2, 7, 29, 53, 30, -3, 5, 45]

v =

    56    34    -2     7    29    53    30    -3     5    45

>> v(v<0) = [100,200]

v =

    56    34   100     7    29    53    30   200     5    45

>> v = [56, 34, -2, 7, 29, 53, 30, -3, 5, 45]

v =

    56    34    -2     7    29    53    30    -3     5    45

>> v(v<0) = v(v<0) + 100

v =

    56    34    98     7    29    53    30    97     5    45

>> 
