>> rand

ans =

    0.9058

>> 
