>> 1 + rand(4,5)*11

ans =

    1.3789    9.7472    8.1094    8.4767    6.4820
    5.8262    3.0556    8.8030    8.2061   11.5572
    5.1971    6.3874    9.3016    2.7887    4.7442
    9.4207    5.9014    4.0363    2.3090    7.4379

>> 
