>> randn(5)

ans =

   -0.2779   -1.5771    1.1275   -1.7502   -0.5336
    0.7015    0.5080    0.3502   -0.2857   -2.0026
   -2.0518    0.2820   -0.2991   -0.8314    0.9642
   -0.3538    0.0335    0.0229   -0.9792    0.5201
   -0.8236   -1.3337   -0.2620   -1.1564   -0.0200

>> 
