>> rand(1,3)

ans =

    0.8147    0.9058    0.1270

>> rng(0);
>> rand(1,3)

ans =

    0.8147    0.9058    0.1270

>> 



>> rng(1);
>> [rand , randn , randi(10)]

ans =

    0.4170    1.1812    1.0000

>> rng(1); [rand , randn , randi(10)]

ans =

    0.4170    1.1812    1.0000

>> 
