>> rng('shuffle'); [rand , randn , randi(10)]

ans =

    0.7013   -0.9328    1.0000

>> rng('shuffle'); [rand , randn , randi(10)]

ans =

    0.6092   -0.9690    3.0000

>> 
