>> fix(1 + rand(4,5)*11)

ans =

     3     8     2     3     4
     9    10     2     9     3
     3    11     3     3     3
     6     7    10    11     7

>> 
