>> randi(10,5,4)

ans =

     5    10     6    10
     4     3     1     2
     9     8     1     6
     6     8     6     5
     6     4     8     1



>> randi(20,5)

ans =

     7     4    15     4     9
     4    13    10    17     3
    16     6     2    11    20
     7    14     5    20     1
    11    14    19     2    16

>> 

>> randi([5 6],2,3)

ans =

     6     5     5
     6     5     6

>> 
