>> rand(5)

ans =

    0.8003    0.9595    0.6787    0.1712    0.0971
    0.1419    0.6557    0.7577    0.7060    0.8235
    0.4218    0.0357    0.7431    0.0318    0.6948
    0.9157    0.8491    0.3922    0.2769    0.3171
    0.7922    0.9340    0.6555    0.0462    0.9502

>> 
