>> p = diag([7 3 9 1])

p =

     7     0     0     0
     0     3     0     0
     0     0     9     0
     0     0     0     1

>> 
