>> ones(2,3)

ans =

     1     1     1
     1     1     1

>> 
