>> zeros(5,6)

ans =

     0     0     0     0     0     0
     0     0     0     0     0     0
     0     0     0     0     0     0
     0     0     0     0     0     0
     0     0     0     0     0     0

>> 


>> zeros(4)

ans =

     0     0     0     0
     0     0     0     0
     0     0     0     0
     0     0     0     0

>> 
