>> ones(2,3)

ans =

     1     1     1
     1     1     1

>> 


>> 5+ones(4,2)

ans =

     6     6
     6     6
     6     6
     6     6

>> 
