>> x = [1 2 3 ; 4 5 6 ; 7 8 9]    

x =

     1     2     3
     4     5     6
     7     8     9


>> x(1:end,1)=11

x =

    11     2     3
    11     5     6
    11     8     9

>> x(1:end,2:3)=3

x =

    11     3     3
    11     3     3
    11     3     3

>> x(1:end,2:3)=[10 20;30 40;50 60]    


>>x =

    11    10    20
    11    30    40
    11    50    60

>> 
