>> x = [1 2 3 ; 4 5 6 ; 7 8 9]

x =

     1     2     3
     4     5     6
     7     8     9

>> x(2,3) = 0

x =

     1     2     3
     4     5     0
     7     8     9

>> 
