>> z = [1:3 ; 4:6 ; 7:9]

z =

     1     2     3
     4     5     6
     7     8     9

>> 
