>> z = [1:3 ; 4:6 ; 7:9]    

z =

     1     2     3
     4     5     6
     7     8     9

>> x(2, 1:3)    

ans =

     4     5     0

>> 
