>> x = [1 2 3 ; 4 5 6 ; 7 8 9]    

x =

     1     2     3
     4     5     6
     7     8     9

>> x(:,:)

ans =

     1     2     3
     4     5     6
     7     8     9

>> x(1:end,1:end)

ans =

     1     2     3
     4     5     6
     7     8     9

>> 
