>> odd = 1:2:10

odd =

     1     3     5     7     9


>> even = 0:2:10

even =

     0     2     4     6     8    10

>> 


>> S_O = size(odd)

S_O =

     1     5


>> S_I = size(even)

S_I =

     1     6

>> 
