>> x = [1 2 3 ; 4 5 6 ; 7 8 9]    

x =

     1     2     3
     4     5     6
     7     8     9


>> x(1:end,1)

ans =

     1
     4
     7


>> x(2,1:end)

ans =

     4     5     6

>> 
