>> x = 1:3:7

x =

     1     4     7
     

>> y = 1:3:10

y =

     1     4     7    10

>> 
