>> x = 1:3:7

x =

     1     4     7

>> 
