>> 7 : -3 : 1

ans =

     7     4     1


>> colon(7,-3,1)

ans =

     7     4     1

>> 
