>> 7 : -3 : 1

ans =

     7     4     1


>> colon(7,-3,1)

ans =

     7     4     1
     
     

>> dec_by_10 = 100:-10:-100

dec_by_10 =

   100    90    80    70    60    50    40    30    20    10     0   -10   -20   -30   -40   -50   -60   -70   -80   -90  -100

>> 
