>> x = 1:3:7

x =

     1     4     7
     

>> y = 1:3:10

y =

     1     4     7    10



>> colon(1,7)

ans =

     1     2     3     4     5     6     7


>> 1:7

ans =

     1     2     3     4     5     6     7

>> 
