>> [1 3 0 -9] & [pi 3 -1 9]

ans =

  1×4 logical array

   1   1   0   1

>> 


>> 2 & [1 2 ; 3 0]

ans =

  2×2 logical array

   1   1
   1   0
