>> [0 pi 1 2]

ans =

         0    3.1416    1.0000    2.0000

>> ~[0 pi 1 2]

ans =

  1×4 logical array

   1   0   0   0

>> 
